{
    "camera_matrix": {
        "type_id": "opencv-matrix",
        "rows": 3,
        "cols": 3,
        "dt": "d",
        "data": [ 5.8556444688285092e+02, 0.0, 3.2321891071747154e+02,
            0.0, 5.8911097840498758e+02, 2.6860975970690771e+02, 0.0,
            0.0, 1.0 ]
    },
    "distortion_coefficients": {
        "type_id": "opencv-matrix",
        "rows": 1,
        "cols": 5,
        "dt": "d",
        "data": [ 8.1736327839747012e-03, -1.0958036420970577e-01,
            1.7548237741166563e-02, -6.7894565254969794e-03,
            1.3172734050673998e-01 ]
    }
}
