{
    "camera_matrix": {
        "type_id": "opencv-matrix",
        "rows": 3,
        "cols": 3,
        "dt": "d",
        "data": [ 6.1008455675695734e+02, 0.0, 3.3434211577052537e+02,
            0.0, 6.1013875616318012e+02, 2.4706498242824441e+02, 0.0,
            0.0, 1.0 ]
    },
    "distortion_coefficients": {
        "type_id": "opencv-matrix",
        "rows": 1,
        "cols": 5,
        "dt": "d",
        "data": [ 1.1905179288145404e-01, -1.1854423532968989e-02,
            6.3111965044743644e-04, -1.2471412662614064e-04,
            -6.0595639887137920e-01 ]
    }
}
