{
    "extrinsics": {
        "type_id": "opencv-matrix",
        "rows": 3,
        "cols": 4,
        "dt": "d",
        "data": [ 9.9734250567277460e-01, 6.5706730578448683e-02,
            3.1473035046571091e-02, -1.3278206803604106e-01,
            -6.8429797057265387e-02, 9.9311047375269368e-01,
            9.5125968049748863e-02, -7.9131738554095526e-02,
            -2.5005784391876409e-02, -9.7026864730297882e-02,
            9.9496758654116746e-01, 4.9839093766581072e-01 ]
    }
}
